gene.names	gene.type	pvals	fpvals	sm.network.interactions	bg.network.interactions	log.fpval	page.rank
SP1	gene	7.92745642706332e-17	6.40177483495377e-17	44	1554	16.1936996050524	0.0234065787236764
SMAD3	TF	5.60571913689193e-14	4.77834411575198e-14	32	1003	13.3207225774428	0.0194171254245943
CEBPB	gene	7.88385994298528e-13	6.9579625363484e-13	24	602	12.1575179139473	0.0138002347970662
CEBPB	TF	7.88385994298528e-13	6.9579625363484e-13	24	602	12.1575179139473	0.0138002347970662
MYOD1	TF	4.95583212528667e-12	4.67413178223094e-12	10	62	11.3302990472949	0.00654806514951485
MED1	gene	8.69417278378678e-12	8.1578075982136e-12	11	89	11.0884265417279	0.0070018445185175
SMAD4	TF	5.87644530091412e-10	5.18911923019362e-10	26	975	9.28490635042277	0.0149427729704077
AR	TF	1.29791907870738e-09	1.15578460277973e-09	24	867	8.93712309544875	0.0129535099302439
RXRA	TF	1.52306266359943e-09	1.43868711511390e-09	10	109	8.84203364592055	0.00576184509507347
HNF4A	TF	2.90970874680292e-09	2.56743612688843e-09	27	1131	8.59050035204809	0.0141228857215926
JUN	TF	4.90304501659468e-09	4.07153632607708e-09	48	3084	8.39024168609663	0.0259679935336092
FOXO1	TF	2.50155595095912e-08	2.41457569958923e-08	6	30	7.61715917444316	0.00378978052593243
MAX	TF	2.511386623131e-07	2.31188263982567e-07	17	603	6.63603421617269	0.00947122051008242
MAPK1	gene	1.18172915396064e-06	1.05685003739252e-06	27	1531	5.97598663289446	0.015764717359584
NCOA6	gene	3.05100798493739e-06	2.84978335009681e-06	14	500	5.54518815523145	0.00803370403468103
SMAD2	TF	3.6482787381833e-06	3.27335629902808e-06	27	1628	5.4850067199349	0.0157025463505338
PPARG	TF	3.87824508147278e-06	3.45266424074501e-06	30	1931	5.46184565318302	0.0159470545123739
JUNB	gene	3.79457150046326e-06	3.66691304075423e-06	6	68	5.43569938902178	0.0038792706414088
BPTF	gene	1.0676896217601e-05	1.04285120639075e-05	4	23	4.98177765212305	0.00326868778535153
PGR	TF	2.38518152780698e-05	2.22782107516893e-05	15	682	4.65211969194856	0.00878058319157336
NKX2-1	TF	3.49384410239921e-05	3.43203761038051e-05	3	11	4.46444796153102	0.00246826029896718
SREBF1	TF	3.92310929606333e-05	3.76187086075521e-05	8	204	4.42459611719182	0.00476331026687398
NCOA1	gene	4.23065784109192e-05	3.86614137690426e-05	23	1463	4.41272226875373	0.012173192675327
HIF1A	TF	4.47844287372223e-05	4.23026698990982e-05	12	479	4.37363222161187	0.00666578459554156
HIF1A	gene	4.47844287372223e-05	4.23026698990982e-05	12	479	4.37363222161187	0.00666578459554156
FOXH1	TF	8.49445599944257e-05	8.2592757328005e-05	5	73	4.08305803488776	0.0033572259447474
CEBPA	gene	0.00020662787878547	0.000188544733084494	26	1957	3.72458559491728	0.0135815903982618
CEBPA	TF	0.00020662787878547	0.000188544733084494	26	1957	3.72458559491728	0.0135815903982618
GABPA	TF	0.000404201335539184	0.000397190314842842	3	24	3.40100134995911	0.00249685159486819
NCOA3	gene	0.000429005025985239	0.00039721623379992	21	1503	3.40097301066594	0.0119520907058531
TCF12	TF	0.000441763291185496	0.000403584565699767	27	2173	3.3940654508583	0.0154434642550605
TCF12	TF	0.000441763291185496	0.000403584565699767	27	2173	3.3940654508583	0.0154434642550605
KRT8	gene	0.000735801537542177	0.000713350171863962	6	175	3.14669722978922	0.00400353653780295
ISL1	TF	0.000867715719241184	0.000798660339394628	25	2042	3.09763788162453	0.0137073182420007
ESRRA	TF	0.000883123119767923	0.000863735159366191	4	70	3.0636194015694	0.00283721097865022
NSDHL	gene	0.000910153241131322	0.000876014138201021	8	325	3.05748888459318	0.00556562562612598
MAZ	TF	0.000995932777136113	0.000984152519266199	2	8	3.0069375914642	0.00212975856980121
RUNX2	TF	0.00110240516545599	0.00106516959262347	7	259	2.97258123985263	0.00430278320997465
BATF	TF	0.00121881468103566	0.00118225776979434	6	193	2.92728782312119	0.00393643794008474
SPINT1	gene	0.00129976330605589	0.00122946513284308	14	893	2.91028378317461	0.00832660076250143
ARNT	gene	0.00139621717381938	0.00129903264931094	21	1653	2.88637993342475	0.0123767806655689
ARNT	TF	0.00139621717381938	0.00129903264931094	21	1653	2.88637993342475	0.0123767806655689
TAL1	TF	0.00155044970894959	0.00147537023117999	12	712	2.83109898362991	0.00727934517105003
EGLN1	gene	0.00199827657046128	0.00189275688163505	14	936	2.72290516614454	0.00854863029642891
MAFA	TF	0.00206206624914954	0.00201781668581364	4	88	2.69511829100088	0.00376286127423652
MYOG	TF	0.00230532169366902	0.00218461518410302	14	951	2.66062505212101	0.00779102981017329
SPI1	TF	0.00261941700813017	0.00252576048327031	8	385	2.59760783577831	0.00469164409529001
HES1	gene	0.00274713916858664	0.00255359702394778	23	1987	2.59284763647121	0.0129837187424219
ATF3	TF	0.00362916377033667	0.00347115131703334	11	690	2.45952645382493	0.00643587964463378
AKT1	gene	0.00366032786762897	0.00353179087187333	8	407	2.45200502023612	0.00482496407812568
CDKN1C	gene	0.00363145402235936	0.00358910263978738	2	15	2.44501412170134	0.00266867779546851
NFYB	TF	0.00399090843131128	0.00382871794822209	10	600	2.41694662582848	0.00585364792198751
GATA4	TF	0.00478468106127441	0.00460550623101211	9	519	2.33672262578164	0.00534795705320298
ASCL2	gene	0.00586509084073924	0.00564834654304286	9	536	2.24807866586661	0.00536531169626809
SREBF2	TF	0.00670461943927942	0.00636402971519395	15	1189	2.19626780119475	0.00839270492104263
VCAM1	gene	0.00685359728868654	0.0064272013515123	21	1902	2.19197809428892	0.0120933481624543
SLC8A1	gene	0.00784655077218502	0.007324346661994	24	2300	2.13523110868654	0.0142193294841807
TBX21	TF	0.00799686678683672	0.00780456161265672	5	202	2.10765148652228	0.00333308916038493
TCF3	TF	0.00832577944898816	0.00792760312417578	14	1105	2.10085809985664	0.00919259916116883
TRA@	TF	0.00847508086242662	0.0083778369889837	2	23	2.07686809413875	0.0020225187493335
BCL6	TF	0.0105306698984084	0.00983221688972579	25	2489	2.00734854987626	0.0143113354961639
EPAS1	gene	0.012418801244421	0.0117510595182702	18	1641	1.92992297405663	0.00984010711871514
RUNX1	TF	0.0127119713875022	0.0118654193373393	26	2661	1.92571690871724	0.0151435234706837
HSF1	gene	0.0146235786377898	0.0142851520375246	5	235	1.84511513304066	0.00352405562371684
MDFI	gene	0.0163388348196677	0.0158225256575949	8	530	1.80072419140675	0.00525557761123471
NR2F2	gene	0.0172995575623515	0.0165604142132382	13	1094	1.78092880473266	0.00741599036252672
GATA3	TF	0.0211588789846681	0.0197978183954491	27	2920	1.70338266383031	0.0147086550673024
ETV1	TF	0.0215320410465445	0.020404325843626	19	1873	1.69027774968904	0.0111491603336389
EHF	TF	0.0216383492868387	0.0209721995672203	8	559	1.67835601827997	0.00479527403704738
STK4	gene	0.0228195706364047	0.0217875411693928	15	1381	1.6617917792452	0.00872559592914875
MYB	TF	0.0234351061823948	0.0226633474817334	9	677	1.6446759424217	0.00576708668485135
FGFR2	gene	0.0245441968811294	0.0229938430970384	27	2960	1.63838843645793	0.015504737098934
GATA2	TF	0.0260370967605178	0.0251891482114959	9	690	1.59878651822248	0.00533993017907902
GATA2	gene	0.0260370967605178	0.0251891482114959	9	690	1.59878651822248	0.00533993017907902
SP3	gene	0.0278681854344883	0.0269059537562401	10	813	1.57015160857082	0.00611728450423217
PTF1A	TF	0.0294710376619346	0.0282842346805036	13	1180	1.54845556797646	0.00759819930234333
SOX3	TF	0.0312027243434494	0.0301393653904521	10	829	1.52086589635869	0.00583459331287379
TRIM28	gene	0.0338162897511083	0.0322473924731861	17	1712	1.49150539669661	0.00949021998813245
PCDH12	gene	0.0368787905763402	0.0364786545008354	2	50	1.43796118880961	0.00203392252921225
GAB1	gene	0.0384878349745984	0.0372901234679051	9	742	1.42840617868372	0.00541937317079871
TBX5	TF	0.0444188083655053	0.0423687813769017	18	1906	1.3729540271224	0.0098799591952256
TFAP4	TF	0.0459935110962522	0.0441694549371565	14	1390	1.35487796001817	0.00804478448267533
NFE2	gene	0.0475830955815739	0.046352114622782	7	540	1.33393044818493	0.00438294646785407
ARNTL	TF	0.0512123585265501	0.0494799197533321	11	1030	1.30557101338231	0.00628354524234308
NKX3-1	TF	0.0586909552014955	0.0570874872792501	8	685	1.24345907215835	0.00586342782162301
FOXD3	gene	0.0661555668821453	0.0632037596333638	19	2146	1.19925708723248	0.0119430677421047
LHX3	TF	0.0657673376084764	0.0644549703899256	5	355	1.19074358677162	0.00335727234349851
PRDM14	TF	0.0708282590996981	0.0689483660549714	8	714	1.1614760213187	0.00519125267032455
TEAD4	TF	0.0783254612347355	0.0764412430557453	7	608	1.11667225924312	0.00434990569654427
GRB2	gene	0.0800383523935167	0.0775211188972491	11	1117	1.11057996754405	0.00673790294807514
ATOH1	TF	0.0809843507716307	0.0788823490987002	8	736	1.1030201646818	0.00512120111044989
HEY1	gene	0.0925203291363531	0.0905534492443302	6	512	1.04309500245374	0.00401181385818755
CITED1	gene	0.0919393416387262	0.0910116859479252	2	84	1.04090284046066	0.00198531917747994
PKD1	gene	0.0923887833466953	0.0918587743870133	1	16	1.03687935339347	0.00152981393846237
SETD2	gene	0.0923887833466953	0.0918587743870133	1	16	1.03687935339347	0.00145216643120186
TFAP2C	TF	0.0997768788270206	0.0956690333370354	19	2271	1.0192286142313	0.0107709947706564
GJB5	gene	0.097464877504075	0.0958791030675709	4	287	1.01827603736916	0.0029802160207844
ERG	TF	0.101035816650139	0.0966487099627115	21	2560	1.01480393842606	0.0115097108653448
STK3	gene	0.103512876798439	0.100415635361307	11	1174	0.998198659477254	0.00643801826297946
PKD2	gene	0.11039389691768	0.106806995502871	13	1462	0.971400301532183	0.00819928984769
NKX6-1	TF	0.111750070818525	0.107133947443601	20	2452	0.970072892834313	0.0113961828336719
PLK4	gene	0.110629920189837	0.108129941684291	7	664	0.966054031229535	0.00457595205367844
TEAD1	TF	0.116178801517304	0.111039676193508	23	2900	0.954521813347955	0.0128733860005957
NKX2-5	TF	0.130173323765835	0.128159946531676	4	320	0.892247682447438	0.00287722150742821
MYF5	TF	0.133901114045377	0.13099501197487	7	699	0.882745241084943	0.00455751272470041
ERF	gene	0.153044107307387	0.150753777167515	4	341	0.821731797712134	0.00292276541344579
PAX8	TF	0.159374779768378	0.156056111691547	7	734	0.806719218206992	0.00463556133895719
ESRRB	TF	0.164629536956942	0.160219731798777	11	1294	0.79528399958996	0.00611415789032427
ESRRB	gene	0.164629536956942	0.160219731798777	11	1294	0.79528399958996	0.00611415789032427
FOXA1	TF	0.165814632483459	0.161860589201566	9	1016	0.790858883030808	0.00536342517687571
HS6ST1	gene	0.16625243546464	0.16345016382782	5	479	0.786614639785463	0.00378639547780474
MYCN	TF	0.170412312476196	0.166378759669507	9	1023	0.778902117631335	0.00548690064227824
PITX1	TF	0.170139095067024	0.166655499475035	7	748	0.778180350456776	0.00449407373854458
ITGA4	gene	0.183215312110493	0.180201794258994	5	496	0.744240889090025	0.00367647742139661
TTPA	gene	0.210463764368956	0.209339271095193	1	39	0.679149292348844	0.00149467145704493
PRDM1	gene	0.242630587313929	0.236333415908358	13	1716	0.62647486779384	0.00740837080294009
CDX4	gene	0.244650542417282	0.241412213531908	4	416	0.617240761847065	0.00451035506424971
NEUROD1	TF	0.254571310186409	0.251777368890465	3	289	0.598983309207106	0.00275069137502491
LHX2	TF	0.272381679752871	0.268419592018626	5	578	0.571185788074414	0.00337510249953997
TFEB	gene	0.280821801703031	0.278507101298469	2	173	0.555163726826263	0.00194710063480559
HEY2	gene	0.293611220478455	0.289963987399912	4	453	0.537655936737874	0.0030985484515824
KRT19	gene	0.296871575775826	0.293776105588419	3	315	0.531983530646184	0.00307384981824604
TFAP2B	TF	0.305347695504418	0.297853000713544	14	1968	0.525998020252834	0.00858433917907449
EGFR	gene	0.359531117869767	0.350248520943518	18	2684	0.455623690010566	0.0103939165592166
ZNF263	TF	0.359190481878333	0.355723051743469	3	353	0.448887990533638	0.00245638971061569
LEF1	gene	0.379191267301001	0.370272784652997	16	2399	0.431478207770666	0.00894398208076483
PLAC1	gene	0.37765487510752	0.373456540081872	4	515	0.427759930664677	0.00314272385766268
WNT2	gene	0.394973729893881	0.391331706736912	3	375	0.407454962978385	0.00239111353301563
PLG	gene	0.402778055784299	0.396050149134633	9	1319	0.4022498188384	0.00581460133510628
CDX2	gene	0.411240681434508	0.408312994346846	2	233	0.389006798663015	0.00190343766948446
FBXW8	gene	0.415525629447387	0.408719267002232	9	1334	0.388574889189493	0.00530887646873088
ZFP36L1	gene	0.460430313751425	0.450933134067967	16	2529	0.345887852042754	0.00884484053041533
SOCS3	gene	0.457801503514329	0.455798449525337	1	101	0.341227156478451	0.00148453036286193
BIRC6	gene	0.469566399472978	0.464395823987104	5	746	0.333111694246796	0.00340450011334724
ADM	gene	0.470846839651156	0.466930806330296	3	423	0.330747472015014	0.00290908852094975
PLCD1	gene	0.474084944493761	0.470966252542516	2	264	0.327010211469101	0.00238466226889339
SPDEF	TF	0.478957648790855	0.474348132126096	4	591	0.323902805231768	0.00358397373695527
EOMES	TF	0.481565594832884	0.477621670868693	3	430	0.320915976423964	0.00248845924566958
EOMES	gene	0.481565594832884	0.477621670868693	3	430	0.320915976423964	0.00248845924566958
CASP8	gene	0.488928320416615	0.481806946515408	9	1421	0.317126942794375	0.00615815416616726
E2F8	gene	0.493921015004814	0.486786761281535	9	1427	0.312661241412717	0.00551866587438515
MAP2K1	gene	0.502686541304147	0.498695739030262	3	444	0.302164342476545	0.00247847947078059
MYBL2	TF	0.512414936746873	0.509215476779826	2	284	0.293098405140278	0.00263149584098212
E2F7	gene	0.531183675312937	0.522484487200604	13	2142	0.28192659942397	0.00725292135404776
SENP2	gene	0.570135726119369	0.566069641740781	3	491	0.247130135661233	0.00249635735393992
OLIG2	TF	0.579747842059071	0.574437328849319	5	846	0.240757345948001	0.00353984617237942
HAND1	gene	0.589516200658351	0.584790760494872	4	681	0.232999497708527	0.00316942055144663
FZD5	gene	0.606833224664262	0.604615522070409	1	154	0.218520707533667	0.00147804429577425
NANOG	TF	0.662155189492222	0.659938750071637	1	179	0.180496370125228	0.00148181861919859
IL10	gene	0.721607728492482	0.717839301488594	3	618	0.143972767857929	0.00240073486592875
GCM1	gene	0.726792164160751	0.724647375815416	1	214	0.139873276176971	0.00151462047780954
PDGFB	gene	0.776289637739163	0.772820636484761	3	677	0.111921289553488	0.00251394012410623
NRK	gene	0.802592164729966	0.799883040746615	2	497	0.0969735110977911	0.00207951802134982
CYR61	gene	0.843699579585023	0.841940884961839	1	306	0.0747184004672726	0.001497307777908
CSF2	gene	0.851111067838157	0.849391613348429	1	314	0.0708920314245486	0.00152800166117423
ZFX	TF	0.874393998548929	0.872812934831962	1	342	0.0590788262550488	0.00146946209493056
SNAI1	gene	0.935230989895612	0.934152834258039	1	451	0.0295820641929351	0.00195215697649618
ESX1	gene	1	1	0	3	0	0.00099370652534418
FLII	TF	1	1	0	31	0	0.00099370652534418
HOXD13	TF	1	1	0	225	0	0.00099370652534418
LIF	gene	1	1	0	149	0	0.00099370652534418
NODAL	gene	1	1	0	249	0	0.00099370652534418
OVOL2	gene	1	1	0	1	0	0.00099370652534418
PLCD3	gene	1	1	0	2	0	0.00099370652534418
RBPJ	gene	1	1	0	34	0	0.00099370652534418
RBPJ	TF	1	1	0	34	0	0.00099370652534418
RSPO3	gene	1	1	0	2	0	0.00099370652534418
TEAD3	TF	1	1	0	97	0	0.00099370652534418
WNT7B	gene	1	1	0	3	0	0.00099370652534418
ZFAT	gene	1	1	0	1	0	0.00099370652534418
ZNF711	TF	1	1	0	4	0	0.00099370652534418
