
0.71031435248
0.708925554614
0.70768490635
0.709021244105
0.70936450827
0.709331877332
0.709273805776
0.706126254557
0.70927440235
0.709008407054
0.709852048224
0.705571129236
0.708829312789
0.709329388272
0.709911958095
0.709391625755
0.708160927117
0.708294754897
0.709131074293
0.708898307568
0.70868114565
0.708460025593
0.7090181456
0.710753754141
0.707296460284
0.708049123951
0.70719349075
0.703348080414
0.708668728949
0.706264247
0.705355818538
0.705506979992
0.705523163551
0.704809056002
0.705367552589
0.702139426281
0.702145582275
0.703703810045
0.702169157414
0.70295855594
0.701867830875
0.698434931641
0.693621513573
0.689959186933
0.675184864733
0.642400880019
0.578493305885
0.48269816914
0.347836272696
0.229089982985
0.214923613522
0.318541453732
0.39285422631
0.450315571518
0.490265424038
0.522417526151
0.552118475464
0.569938190144
0.585584171053
0.600199039624
0.614848646116
0.626114896532
0.632474049873
0.643778931602
0.649569259138
0.657019819851
0.660785510157
0.670808353303
0.675149546733
0.678217947628
0.682617424755
0.686212183333
0.690919634418
0.689102330641
0.695486370104
0.698143937282
0.703148474559
0.704359979782
0.706851245809
0.708215612205
0.710462481781
0.712002893499
0.713902743443
0.715970421451
0.719746254414
0.721473027099
0.720550967702
0.724580909409
0.723263573151
0.72424791367
0.726761875966
0.729002029775
0.73228591935
0.730332532893
0.732194222622
0.733905966114
0.734579191742
0.734547531929
0.736018199237
0.737926721969
0.740080006464
0.740925780275
0.740293834353
0.741204501552
0.741952791911
0.740928428275
0.74010593267
0.744074485379
0.747320043532
0.744932425741
0.74757823998
0.747741654792
0.748512721366
0.749244054156
0.749827048846
0.748729146594
0.750427041406
0.754535178072
0.7517444444
0.750306559854
0.754321106862
0.754409652269
0.75575797968
0.754933660272
0.756318657156
0.754696874544
0.755643437381
0.757339368399
0.756201176845
0.757738769601
0.758070140823
0.759806895622
0.760029566934
0.756438609298
0.756416797407
0.757688562991
0.756749811004
0.759502144297
0.758212944785
0.760364234639
0.760431224522
0.75754524213
0.758080239348
0.755438002691
0.755121359776
0.751869860031
0.750888112851
0.74839238652
0.741027667181
0.72951776098
0.700636461392
0.70958852792
0.704698627799
0.704700979961
0.700335782407
0.702868391211
0.698703739593
0.699314305133
0.699221953978
0.698297647394
0.697302490542
0.694268876441
0.693523295084
0.694414030349
0.690905471142
0.692292452084
0.692689879032
0.690301801469
0.695731853665
0.695296068486
0.696048126029
0.696347624957
0.698332740246
0.697538323967
0.696292892991
0.701064919021
0.698691595088
0.703511161165
0.700118552284
0.697511517915
0.698714055719
0.698704834297
0.698375516912
0.698074589084
0.696322037572
0.70039701199
0.701194677993
0.700689996735
0.698613806107
0.699491950358
0.698181590622
0.698399072284
0.697409061959
0.701566766724
0.701276286418
0.702195613758
0.703732739584
0.702632723203
0.699915350008
0.700484208759